Id	control1	control2	control3	control4	coldshock1	coldshock2	coldshock3	coldshock4	heatshock1	heatshock2	norm.control1	norm.control2	norm.control3	norm.control4	norm.coldshock1	norm.coldshock2	norm.coldshock3	norm.coldshock4	norm.heatshock1	norm.heatshock2	baseMean	control	coldshock	heatshock	FoldChange	log2FoldChange	stat	pvalue	padj	dispGeneEst	dispFit	dispMAP	dispersion	betaConv	maxCooks
FBgn0267519	30702	72339	17085	107988	0	1	1	0	33	10	65243	30415	27476	58361	0	1	2	0	17	10	18152.6	45374	1	14	0	-11.665	-17.285	6.14227696582351e-67	8.10964827797678e-63	0.1698	0.6881	0.2554	0.2554	TRUE	0.1287
FBgn0085753	1610	3815	1564	2962	8	3	9	8	3	3	3421	1604	2515	1601	8	3	16	8	2	3	918.18	2285	9	2	0.001	-10.031	-11.691	1.42207168494023e-31	4.69390311406646e-28	0.16	0.7106	0.2492	0.2492	TRUE	0.1397
FBgn0085813	73933	112728	57915	228474	0	1	0	8	5	26	157111	47397	93138	123477	0	1	0	8	3	27	42116.21	105281	2	15	0	-12.824	-10.369	3.44594546403723e-25	5.05520199574262e-22	1.3099	0.6875	0.9444	0.9444	TRUE	0.5258
FBgn0261504	5418	10090	4434	12497	1	1	3	0	0	0	11514	4242	7131	6754	1	1	5	0	0	0	2964.79	7410	2	0	0	-15.744	-9.668	4.12468787365661e-22	4.53818783299069e-19	0.2068	0.6943	0.3654	0.3654	TRUE	0.2996
FBgn0000003	4456	7559	3595	9050	1	2	6	4	0	0	9469	3178	5781	4891	1	2	11	4	0	0	2333.78	5830	4	0	0	-15.398	-9.341	9.52037557751627e-21	9.66903990384211e-18	0.3019	0.6962	0.4072	0.4072	TRUE	0.2318
FBgn0267514	778	3394	3339	4084	0	0	0	0	0	0	1653	1427	5370	2207	0	0	0	0	0	0	1065.72	2664	0	0	0	-14.268	-8.245	1.64737694928432e-16	1.14475357165268e-13	0.496	0.7073	0.5848	0.5848	TRUE	0.5661
FBgn0267520	11710	11013	3459	12010	7	2	3	1	39	81	24884	4630	5563	6491	7	2	5	1	20	84	4168.79	10392	4	52	0.005	-7.649	-7.822	5.20588020079617e-15	2.86388484546299e-12	0.5683	0.6921	0.6026	0.6026	TRUE	2.4879
FBgn0267511	983	5529	13441	13555	5	0	5	0	13	5	2089	2325	21616	7326	5	0	9	0	7	5	3338.11	8339	4	6	0.001	-10.44	-7.601	2.93639297123755e-14	1.38461415711605e-11	1.284	0.6934	1.1231	1.1231	TRUE	0.3276
FBgn0085771	5203	18835	1259	27529	11	0	0	0	0	0	11057	7919	2025	14878	11	0	0	0	0	0	3588.98	8970	3	0	0	-16.019	-7.142	9.2016403191415e-13	2.64107080725272e-10	3.1014	0.693	1.8896	1.8896	TRUE	0.4951
FBgn0085819	21041	48991	12588	81060	1	0	0	9	8	105	44713	20599	20244	43808	1	0	0	9	4	108	12948.68	32341	2	56	0.002	-9.17	-6.602	4.04891087182898e-11	8.62222100657387e-09	1.404	0.6886	1.2266	1.2266	TRUE	0.5025
FBgn0024314	1009	5956	1271	5542	1066	1111	624	912	1571	730	2144	2504	2044	2995	1102	1045	1131	951	819	754	1548.96	2422	1057	786	0.325	-1.623	-6.3	2.98419898916401e-10	5.4722748963795e-08	0.0153	0.701	0.0417	0.0417	TRUE	0.1952
FBgn0037811	77	398	68	174	0	1	0	0	0	0	164	167	109	94	0	1	0	0	0	0	53.53	134	0	0	0.001	-9.949	-6.219	4.99069590656906e-10	8.6700207966357e-08	0	1.0924	0.3031	0.3031	TRUE	0.1285
FBgn0263470	60	185	59	150	0	0	0	0	3	4	128	78	95	81	0	0	0	0	2	4	38.69	96	0	3	0.028	-5.171	-6.028	1.65981029929038e-09	2.59900807612358e-07	0	1.2479	0.2814	0.2814	TRUE	0.1831
FBgn0031490	56	342	140	458	139	116	72	112	56	12	119	144	225	248	144	109	130	117	29	12	127.71	184	125	20	0.116	-3.11	-5.989	2.11264632001715e-09	3.20612291530878e-07	0.0805	0.8569	0.1469	0.1469	TRUE	0.0572
FBgn0266414	40	183	192	512	1	2	0	5	6	1	85	77	309	277	1	2	0	5	3	1	75.97	187	2	2	0.012	-6.398	-5.812	6.16224915423132e-09	7.8230938060881e-07	0.449	0.9726	0.5502	0.5502	TRUE	0.0868
FBgn0065098	918	1698	561	833	5	0	11	0	8	2	1951	714	902	450	5	0	20	0	4	2	404.85	1004	6	3	0.003	-8.302	-5.799	6.68655260935339e-09	8.40786229536122e-07	1.3194	0.7406	1.153	1.153	TRUE	0.6732
FBgn0267515	101	1081	37	1939	0	0	0	0	1	0	215	455	60	1048	0	0	0	0	1	0	177.71	444	0	0	0.001	-10.326	-5.466	4.60340363717e-08	5.02303621665748e-06	1.3297	0.8091	1.1308	1.1308	TRUE	0.1033
FBgn0014396	1973	12426	8266	28048	2308	2766	304	1960	1225	152	4193	5225	13293	15158	2385	2602	551	2044	639	157	4624.61	9467	1896	398	0.042	-4.571	-5.356	8.49218935025881e-08	8.55895999934863e-06	0.4317	0.6916	0.4652	0.4652	TRUE	0.0408
FBgn0065099	618	2001	706	2381	0	2	12	0	9	0	1313	841	1135	1287	0	2	22	0	5	0	460.51	1144	6	2	0.002	-8.853	-5.3	1.15656889051862e-07	1.08299142280265e-05	2.0354	0.7341	1.5811	1.5811	TRUE	2.842
FBgn0086659	130	161	73	104	0	0	0	0	0	0	276	68	117	56	0	0	0	0	0	0	51.76	129	0	0	0.001	-9.899	-5.295	1.19238869869934e-07	1.10091664258234e-05	0.7395	1.1063	0.9028	0.9028	TRUE	0.285
FBgn0065064	329	307	60	265	0	0	0	0	4	0	699	129	96	143	0	0	0	0	2	0	107	267	0	1	0.004	-7.826	-5.137	2.79494825106998e-07	2.29203116514763e-05	1.1784	0.8898	1.0625	1.0625	TRUE	2.9759
FBgn0034936	530	3269	719	2762	181	213	110	168	1091	553	1126	1374	1156	1493	187	200	199	175	569	571	705.2	1287	190	570	0.442	-1.178	-5.022	5.1168465822871e-07	3.73247101800754e-05	0.0093	0.7177	0.034	0.034	TRUE	0.0654
FBgn0046696	125	365	138	435	0	0	2	1	10	21	266	153	222	235	0	0	4	1	5	22	90.77	219	1	14	0.06	-4.063	-5.013	5.37241705368262e-07	3.89736386592151e-05	0.2118	0.9261	0.3801	0.3801	TRUE	0.3532
FBgn0065047	122	201	34	172	3	0	0	1	8	3	259	85	55	93	3	0	0	1	4	3	50.28	123	1	4	0.03	-5.052	-4.957	7.15814093001106e-07	4.9481117643422e-05	0.3814	1.1186	0.526	0.526	TRUE	0.4212
FBgn0038569	670	3409	974	3170	322	405	235	394	1338	429	1424	1433	1566	1713	333	381	426	411	698	443	882.82	1534	388	570	0.372	-1.425	-4.921	8.61419572973188e-07	5.89291327562953e-05	0.02	0.7115	0.0525	0.0525	TRUE	0.0697
FBgn0039723	8	101	37	210	349	272	220	149	2	0	17	42	60	113	361	256	399	155	1	0	140.41	58	293	0	0.011	-6.495	-4.911	9.08030151235953e-07	6.14806260859912e-05	0.3079	0.8415	0.3838	0.3838	TRUE	0.2594
FBgn0267508	451	592	65	1202	0	0	0	0	12	0	958	249	105	650	0	0	0	0	6	0	196.77	490	0	3	0.007	-7.218	-4.881	1.05560612622334e-06	6.93391427090882e-05	1.6187	0.7972	1.2454	1.2454	TRUE	0.0353
FBgn0004431	71	345	60	171	21	23	31	6	0	6	151	145	96	92	22	22	56	6	0	6	59.68	121	26	3	0.023	-5.437	-4.746	2.07664570720973e-06	0.000128121276973318	0.561	1.0506	0.6582	0.6582	TRUE	0.4456
FBgn0000536	826	3527	1629	4206	586	808	357	560	1452	461	1755	1483	2620	2273	606	760	647	584	757	476	1196.12	2033	649	616	0.304	-1.719	-4.633	3.60244300963514e-06	0.000209528876899616	0.0465	0.7051	0.0871	0.0871	TRUE	0.0543
FBgn0083057	53	67	24	85	0	0	0	0	0	0	113	28	39	46	0	0	0	0	0	0	22.53	56	0	0	0.002	-8.696	-4.608	4.06161529567121e-06	0.000231144425641151	0.468	1.6502	0.9409	0.9409	TRUE	0.3851
FBgn0037387	648	2337	2973	5485	291	337	234	362	750	226	1377	983	4781	2964	301	317	424	377	391	234	1214.9	2526	355	312	0.124	-3.015	-4.52	6.17102636353776e-06	0.000328532504345924	0.2274	0.7048	0.2831	0.2831	TRUE	0.0917
FBgn0027527	41	771	52	227	503	126	273	209	9	14	87	324	84	123	520	119	495	218	5	14	198.78	154	338	10	0.06	-4.054	-4.499	6.81153140490905e-06	0.000356875591821485	0.4255	0.7961	0.463	0.463	TRUE	0.1663
FBgn0032172	367	2011	509	1570	296	324	165	252	916	382	780	846	819	848	306	305	299	263	478	395	533.74	823	293	436	0.53	-0.915	-4.465	8.01319120114505e-06	0.000410070400886504	0.0032	0.7276	0.0252	0.0252	TRUE	0.0374
N_unmapped	12774291	19697357	7913137	26186500	3633203	3712075	4568194	3914597	2815817	2899595	27146020	8281873	12725773	14152270	3754364	3491622	8279695	4081711	1468522	2996021	8637787.08	15576484	4901848	2232272	0.143	-2.803	-4.419	9.90782742531278e-06	0.000486293849429014	0.2411	0.6869	0.2577	0.2577	TRUE	0.2419
FBgn0042125	40	255	118	343	97	107	81	93	58	34	85	107	190	185	100	101	147	97	30	35	107.74	142	111	32	0.229	-2.127	-4.35	1.36067069702491e-05	0.000639321537822774	0.0728	0.8884	0.1348	0.1348	TRUE	0.0795
FBgn0031374	2064	11394	3344	10340	1608	2073	1096	1913	4421	1074	4386	4791	5378	5588	1662	1950	1986	1995	2306	1110	3115.07	5036	1898	1708	0.339	-1.559	-4.337	1.44586090666705e-05	0.00066875743689997	0.0425	0.6939	0.0824	0.0824	TRUE	0.0608
FBgn0083058	64	94	15	55	0	0	0	0	0	0	136	40	24	30	0	0	0	0	0	0	22.94	58	0	0	0.002	-8.722	-4.319	1.5675646730666e-05	0.00071210328803517	0.9734	1.6332	1.2727	1.2727	TRUE	1.2033
FBgn0263968	1119	5152	1081	4062	828	908	496	767	1991	561	2378	2166	1738	2195	856	854	899	800	1038	580	1350.43	2119	852	809	0.382	-1.388	-4.319	1.56950736058649e-05	0.00071210328803517	0.0296	0.703	0.0653	0.0653	TRUE	0.1169
FBgn0052024	18	51	85	131	0	0	0	0	2	1	38	21	137	71	0	0	0	0	1	1	26.93	67	0	1	0.016	-6.003	-4.305	1.67137266695312e-05	0.000755723743896646	0	1.493	0.7677	0.7677	TRUE	0.0934
FBgn0083987	65	127	21	101	0	0	0	0	4	0	138	53	34	55	0	0	0	0	2	0	28.2	70	0	1	0.017	-5.862	-4.262	2.02898270358976e-05	0.000887041676672038	0.4477	1.4567	0.7949	0.7949	TRUE	0.2939
FBgn0011230	5443	21551	7757	19983	3627	4533	2440	3394	10940	3892	11567	9061	12475	10800	3748	4264	4422	3539	5705	4021	6960.22	10976	3993	4863	0.443	-1.174	-4.235	2.28882637572164e-05	0.000977973289276792	0.0205	0.6901	0.0491	0.0491	TRUE	0.1127
FBgn0001187	432	1634	1598	3249	191	419	168	330	577	125	918	687	2570	1756	197	394	304	344	301	129	760.1	1483	310	215	0.145	-2.783	-4.22	2.4410912184679e-05	0.00102642443813477	0.2167	0.7155	0.2759	0.2759	TRUE	0.0827
FBgn0051106	118	326	734	1006	4	9	0	24	10	23	251	137	1180	544	4	8	0	25	5	24	217.85	528	9	14	0.027	-5.203	-4.196	2.72158869457861e-05	0.00112291048545379	0.9896	0.7866	0.9486	0.9486	TRUE	0.214
FBgn0250867	181	899	230	827	78	115	66	83	291	55	385	378	370	447	81	108	120	87	152	57	218.3	395	99	104	0.266	-1.91	-4.188	2.81823237220452e-05	0.00115556279534833	0.0716	0.7864	0.1273	0.1273	TRUE	0.109
FBgn0016672	478	4805	546	2859	461	531	382	568	834	219	1016	2020	878	1545	476	499	692	592	435	226	838.09	1365	565	330	0.242	-2.045	-4.186	2.83797917646593e-05	0.0011600569370551	0.1021	0.7128	0.151	0.151	TRUE	0.1116
FBgn0038702	406	1139	6718	9287	80	106	0	46	164	7	863	479	10804	5019	83	100	0	48	86	7	1748.76	4291	58	46	0.011	-6.527	-4.175	2.98627968820498e-05	0.00121316463764217	1.7783	0.6993	1.555	1.555	TRUE	0.1081
FBgn0030555	354	2311	423	1699	263	177	160	158	561	124	752	972	680	918	272	166	290	165	293	128	463.61	830	223	210	0.254	-1.978	-4.143	3.42760666534409e-05	0.00135899972379994	0.0893	0.7338	0.1431	0.1431	TRUE	0.1123
FBgn0034381	36	349	260	848	49	18	4	12	27	21	77	147	418	458	51	17	7	13	14	22	122.28	275	22	18	0.065	-3.95	-4.137	3.51130685226038e-05	0.00138801749611957	0.5049	0.8644	0.5537	0.5537	TRUE	0.0821
FBgn0039520	11	92	26	136	0	0	0	0	2	0	23	39	42	74	0	0	0	0	1	0	17.84	44	0	0	0.014	-6.138	-4.128	3.66709978483937e-05	0.00143244729169332	0	1.9035	0.6482	0.6482	TRUE	0.0807
FBgn0260874	45	328	100	289	1	0	0	0	28	1	96	138	161	156	1	0	0	0	15	1	56.72	138	0	8	0.059	-4.081	-4.089	4.32589145834623e-05	0.00164595806698978	0.361	1.0696	0.5726	0.5726	TRUE	0.1841
FBgn0035941	20	179	128	319	4	30	0	0	1	0	43	75	206	172	4	28	0	0	1	0	52.89	124	8	0	0.003	-8.493	-4.058	4.94652523302185e-05	0.00186065449149822	1.8567	1.0973	1.6427	1.6427	TRUE	0.2928
FBgn0026169	58	43	34	29	0	0	0	0	0	0	123	18	55	16	0	0	0	0	0	0	21.17	53	0	0	0.003	-8.605	-4.042	5.30574383830909e-05	0.00197886259596596	1.4347	1.7123	1.5629	1.5629	TRUE	0.1665
FBgn0038388	398	1944	621	1669	88	167	90	93	503	355	846	817	999	902	91	157	163	97	262	367	470.11	891	127	314	0.353	-1.504	-4.03	5.58551349277638e-05	0.00205993113533873	0.0407	0.7331	0.0871	0.0871	TRUE	0.2491
FBgn0001148	4	67	18	66	0	3	0	3	0	0	9	28	29	36	0	3	0	3	0	0	10.72	26	2	0	0.005	-7.564	-4.006	6.17849583287673e-05	0.00223492275291703	0.2719	2.7109	0.9355	0.9355	TRUE	0.1674
FBgn0040256	273	331	1737	1057	0	1	0	4	78	28	580	139	2793	571	0	1	0	4	41	29	415.87	1021	1	35	0.034	-4.872	-3.985	6.73712892244809e-05	0.00239113745062049	1.0052	0.7391	0.9422	0.9422	TRUE	0.4362
FBgn0037378	350	2008	545	1781	690	755	405	488	756	412	744	844	876	963	713	710	734	509	394	426	691.31	857	666	410	0.478	-1.066	-3.982	6.83032699171497e-05	0.00241771601264377	0.0155	0.7183	0.0442	0.0442	TRUE	0.2005
FBgn0029737	612	4435	976	3846	527	637	344	412	1411	694	1301	1865	1570	2079	545	599	623	430	736	717	1046.32	1704	549	726	0.426	-1.231	-3.952	7.74878540253492e-05	0.00267819931072431	0.0259	0.7077	0.0612	0.0612	TRUE	0.0634
FBgn0004619	13	170	106	554	155	140	66	76	30	2	28	71	170	299	160	132	120	79	16	2	107.74	142	123	9	0.064	-3.965	-3.939	8.17547393852791e-05	0.002803656685984	0.541	0.8884	0.5902	0.5902	TRUE	0.2037
FBgn0037140	76	506	260	1111	132	54	68	55	81	58	162	213	418	600	136	51	123	57	42	60	186.28	348	92	51	0.146	-2.775	-3.929	8.53115734446149e-05	0.0029030121241991	0.2483	0.8035	0.3083	0.3083	TRUE	0.0853
FBgn0083962	1061	5493	1197	3638	1113	1337	721	906	2197	734	2255	2310	1925	1966	1150	1258	1307	945	1146	758	1501.87	2114	1165	952	0.451	-1.149	-3.928	8.57625199331868e-05	0.00291085488606135	0.0226	0.7014	0.0541	0.0541	TRUE	0.1295
FBgn0032285	3964	11726	25790	48770	5344	7348	3463	5661	2713	2952	8424	4930	41475	26357	5522	6912	6277	5903	1415	3050	11026.45	20296	6154	2232	0.11	-3.185	-3.911	9.19748124811529e-05	0.00309781492139965	0.3411	0.6889	0.4245	0.4245	TRUE	0.0895
FBgn0032339	310	1346	531	2123	236	403	152	313	586	204	659	566	854	1147	244	379	275	326	306	211	496.72	806	306	258	0.32	-1.642	-3.894	9.84404039099357e-05	0.00328209255763354	0.0655	0.7306	0.1114	0.1114	TRUE	0.1558
FBgn0050109	153	846	227	929	67	37	16	64	205	112	325	356	365	502	69	35	29	67	107	116	197.04	387	50	112	0.287	-1.801	-3.887	0.000101566200492835	0.00334094552446617	0.0655	0.7971	0.1319	0.1319	TRUE	0.3548
FBgn0031417	251	1686	593	1421	153	171	49	197	501	191	533	709	954	768	158	161	89	205	261	197	403.57	741	153	229	0.31	-1.691	-3.88	0.000104567132884253	0.00339213723702898	0.0655	0.7407	0.1189	0.1189	TRUE	0.099
FBgn0039135	332	1295	371	856	119	104	106	70	303	179	706	544	597	463	123	98	192	73	158	185	313.81	578	122	172	0.297	-1.751	-3.872	0.000108146931914757	0.00348259498065983	0.0728	0.7561	0.1273	0.1273	TRUE	0.3818
FBgn0259713	3	9	14	31	67	48	20	43	0	0	6	4	23	17	69	45	36	45	0	0	24.49	12	49	0	0.011	-6.501	-3.871	0.000108608767827325	0.0034858638067655	0.2622	1.5732	0.4441	0.4441	TRUE	0.6601
FBgn0028481	32	470	304	1591	416	374	426	269	58	41	68	198	489	860	430	352	772	280	30	42	352.12	404	458	36	0.09	-3.48	-3.835	0.000125343247169127	0.00394965845435319	0.4764	0.7486	0.512	0.512	TRUE	0.261
FBgn0086672	81	42	31	16	0	0	0	0	0	0	172	18	50	9	0	0	0	0	0	0	24.83	62	0	0	0.002	-8.837	-3.83	0.000128002419649636	0.00402384749198607	2.5348	1.5611	2.0703	2.0703	TRUE	0.35
FBgn0083013	51	74	23	46	0	9	0	4	1	1	108	31	37	25	0	8	0	4	1	1	21.55	50	3	1	0.015	-6.09	-3.82	0.000133633265078114	0.0041809478645174	0.7431	1.694	0.9539	0.9539	TRUE	1.0768
FBgn0050295	177	968	191	641	161	203	125	172	353	103	376	407	307	346	166	191	227	179	184	106	249.05	359	191	145	0.407	-1.298	-3.801	0.000144347396723871	0.0044669990660653	0.0278	0.7741	0.0702	0.0702	TRUE	0.1012
FBgn0030189	73	461	133	346	73	56	30	34	99	73	155	194	214	187	75	53	54	35	52	75	109.48	188	54	64	0.336	-1.573	-3.797	0.000146299124764279	0.00449206359130878	0.038	0.8852	0.0998	0.0998	TRUE	0.3865
FBgn0031664	320	1913	410	1509	304	262	164	339	751	239	680	804	659	816	314	246	297	353	392	247	480.91	740	302	320	0.432	-1.21	-3.794	0.000148064930316137	0.00451478354495141	0.0255	0.7321	0.063	0.063	TRUE	0.1217
FBgn0036725	10	120	59	250	145	72	76	54	8	11	21	50	95	135	150	68	138	56	4	11	72.88	75	103	8	0.099	-3.332	-3.788	0.000151882830359995	0.00460990576837473	0.3472	0.9847	0.4232	0.4232	TRUE	0.1591
FBgn0265988	830	3637	1038	3245	677	688	451	686	1823	522	1764	1529	1669	1754	700	647	817	715	951	539	1108.55	1679	720	745	0.445	-1.17	-3.788	0.000151698294015836	0.00460990576837473	0.0262	0.7065	0.0601	0.0601	TRUE	0.0633
FBgn0003930	14	53	20	71	0	0	0	0	3	0	30	22	32	38	0	0	0	0	2	0	12.41	30	0	1	0.03	-5.038	-3.787	0.000152623926902936	0.00462177455710887	0	2.4354	0.6005	0.6005	TRUE	0.0428
FBgn0262580	41	83	183	500	3	3	0	0	15	0	87	35	294	270	3	3	0	0	8	0	70.03	172	2	4	0.024	-5.391	-3.778	0.000158142243103952	0.00475615497881887	1.2551	0.9969	1.1773	1.1773	TRUE	0.0334
FBgn0037602	13	71	15	84	42	20	12	40	12	3	28	30	24	45	43	19	22	42	6	3	26.2	32	32	4	0.152	-2.717	-3.758	0.000171521910243047	0.00511197241746941	0.0978	1.5153	0.2222	0.2222	TRUE	0.0947
FBgn0027655	776	3863	1230	4603	598	514	592	357	1108	475	1649	1624	1978	2488	618	483	1073	372	578	491	1135.43	1935	636	534	0.276	-1.856	-3.757	0.000171947225094574	0.00511310633541364	0.1056	0.7061	0.1552	0.1552	TRUE	1.4646
FBgn0085422	10	120	66	297	57	92	96	69	17	0	21	50	106	161	59	87	174	72	9	0	73.86	84	98	4	0.056	-4.17	-3.748	0.000177915088976334	0.00527868071854951	0.6136	0.9808	0.6805	0.6805	TRUE	0.176
FBgn0038849	20	39	96	126	1	7	16	23	6	1	43	16	154	68	1	7	29	24	3	1	34.61	70	15	2	0.031	-5.009	-3.748	0.000178572832653032	0.00528631638905377	0.8408	1.314	0.9082	0.9082	TRUE	0.1631
FBgn0028400	244	1626	861	2999	1158	808	1104	660	387	183	519	684	1385	1621	1197	760	2001	688	202	189	924.43	1052	1162	196	0.186	-2.428	-3.722	0.000197293756161882	0.00575026371436054	0.2237	0.7104	0.2696	0.2696	TRUE	0.1826
FBgn0031220	203	739	762	1392	152	144	193	134	201	129	431	311	1225	752	157	135	350	140	105	133	374	680	196	119	0.175	-2.514	-3.673	0.000239303833073223	0.00673937199568358	0.2409	0.745	0.2952	0.2952	TRUE	0.1367
FBgn0031244	140	702	289	1037	56	16	5	48	139	45	298	295	465	560	58	15	9	50	72	46	186.89	404	33	59	0.147	-2.762	-3.671	0.000241383600761988	0.00675607982310413	0.2834	0.8031	0.353	0.353	TRUE	0.201
FBgn0265102	305	1448	322	1049	87	195	58	164	420	68	648	609	518	567	90	183	105	171	219	70	318.05	586	137	144	0.248	-2.01	-3.667	0.000245765253013623	0.00683123923271341	0.1309	0.7552	0.1883	0.1883	TRUE	0.3789
FBgn0014870	785	3980	972	3458	1268	1458	834	1163	2062	859	1668	1673	1563	1869	1310	1371	1512	1213	1075	888	1414.25	1693	1352	982	0.58	-0.786	-3.654	0.000258274545969867	0.00710416423008365	0.0077	0.7023	0.0289	0.0289	TRUE	0.0496
FBgn0034715	15	148	54	284	2	2	0	10	13	5	32	62	87	153	2	2	0	10	7	5	36.08	84	4	6	0.072	-3.802	-3.652	0.00025995627241631	0.00712075241641605	0.4543	1.2886	0.6052	0.6052	TRUE	0.3014
FBgn0050281	14	46	50	73	0	0	0	0	5	1	30	19	80	39	0	0	0	0	3	1	17.26	42	0	2	0.046	-4.455	-3.647	0.000264998223332567	0.00722886682367744	0.3439	1.9445	0.687	0.687	TRUE	0.1542
FBgn0053517	38	983	295	1969	361	245	404	272	125	39	81	413	474	1064	373	230	732	284	65	40	375.74	508	405	52	0.104	-3.267	-3.643	0.000269583945036217	0.00732369717348388	0.4687	0.7447	0.5047	0.5047	TRUE	0.2029
FBgn0261046	43	546	302	1696	860	613	993	402	107	22	91	230	486	917	889	577	1800	419	56	23	548.6	431	921	40	0.091	-3.45	-3.641	0.000271546013446636	0.00736185218795879	0.5379	0.7265	0.5613	0.5613	TRUE	0.498
FBgn0036663	2587	14509	7758	27311	2933	3069	1754	3017	6314	2120	5498	6100	12476	14760	3031	2887	3179	3146	3293	2191	5656	9708	3061	2742	0.282	-1.824	-3.628	0.000285342613168263	0.00767286867955312	0.1089	0.6908	0.1617	0.1617	TRUE	0.0563
FBgn0040733	123	33	409	100	5	1	0	2	20	1	261	14	658	54	5	1	0	2	10	1	100.67	247	2	6	0.024	-5.391	-3.621	0.000293874028792002	0.00788621707752196	1.4346	0.9025	1.3312	1.3312	TRUE	0.143
FBgn0029508	81	214	148	337	9	0	0	0	16	6	172	90	238	182	9	0	0	0	8	6	70.61	170	2	7	0.043	-4.544	-3.609	0.000307115856568017	0.00809351427997509	0.9106	0.9943	0.9428	0.9428	TRUE	1.1538
FBgn0267431	3	7	16	30	15	16	3	27	0	0	6	3	26	16	16	15	5	28	0	0	11.54	13	16	0	0.011	-6.555	-3.584	0.00033810180971049	0.00868474356732997	0.517	2.5677	0.7795	0.7795	TRUE	0.2034
FBgn0035099	89	741	205	696	57	71	53	95	100	116	189	312	330	376	59	67	96	99	52	120	169.93	302	80	86	0.282	-1.824	-3.564	0.000365206278200819	0.00928352530664793	0.1006	0.8147	0.1605	0.1605	TRUE	0.1953
FBgn0266717	3869	13695	5746	15260	2981	3359	1743	3354	8074	2180	8222	5758	9241	8247	3080	3160	3159	3497	4211	2252	5082.73	7867	3224	3232	0.411	-1.283	-3.564	0.000365631535216006	0.00928352530664793	0.0426	0.6912	0.0828	0.0828	TRUE	0.2661
FBgn0039617	15	149	67	448	155	95	168	29	18	0	32	63	108	242	160	89	304	30	9	0	103.8	111	146	4	0.044	-4.501	-3.562	0.000367742904222126	0.00930135931885964	0.9199	0.896	0.9154	0.9154	TRUE	0.2357
FBgn0263110	958	3088	978	2923	555	874	446	803	1565	436	2036	1298	1573	1580	574	822	808	837	816	450	1079.46	1622	760	633	0.391	-1.354	-3.56	0.000370389508150541	0.00935038752602599	0.0491	0.707	0.0915	0.0915	TRUE	0.1551
FBgn0284254	231	1528	214	897	227	318	106	317	382	172	491	642	344	485	235	299	192	331	199	178	339.56	490	264	188	0.384	-1.382	-3.552	0.000382990771516833	0.00957694537184989	0.0465	0.7509	0.0934	0.0934	TRUE	0.0872
FBgn0052056	596	3666	633	1943	254	288	547	249	350	277	1267	1541	1018	1050	262	271	991	260	183	286	712.91	1219	446	234	0.192	-2.38	-3.543	0.000395148221470028	0.00976992877915503	0.2343	0.7174	0.2865	0.2865	TRUE	3.6782
FBgn0023458	2831	16397	2867	12709	2968	3944	2169	3640	6179	1589	6016	6894	4611	6868	3067	3710	3931	3795	3223	1642	4375.71	6097	3626	2432	0.399	-1.326	-3.538	0.000403311609088211	0.00994150191953547	0.0478	0.6919	0.0897	0.0897	TRUE	0.2186
FBgn0036935	56	523	350	1546	353	207	194	172	150	42	119	220	563	836	365	195	352	179	78	43	294.94	434	273	60	0.14	-2.834	-3.533	0.000410594789814263	0.010076362471966	0.3538	0.7605	0.4027	0.4027	TRUE	0.1145
FBgn0036910	112	595	561	1900	43	79	16	77	219	61	238	250	902	1027	44	74	29	80	114	63	282.25	604	57	88	0.147	-2.767	-3.528	0.000418767456968909	0.0102578603605946	0.3363	0.7638	0.3876	0.3876	TRUE	0.0282
FBgn0039530	159	743	307	1431	244	189	113	356	261	23	338	312	494	773	252	178	205	371	136	24	308.32	479	252	80	0.168	-2.576	-3.507	0.000453759849187119	0.0109125524386476	0.2832	0.7573	0.3384	0.3384	TRUE	0.3455
FBgn0031275	21	147	249	1233	259	250	384	108	51	9	45	62	400	666	268	235	696	113	27	9	252.05	293	328	18	0.062	-4.02	-3.501	0.000463837268810245	0.0110542300723857	0.8214	0.773	0.815	0.815	TRUE	0.2589
FBgn0264821	24	93	73	196	4	13	6	5	27	12	51	39	117	106	4	12	11	5	14	12	37.24	78	8	13	0.17	-2.559	-3.498	0.000468263613868396	0.0111396117007287	0.1862	1.2698	0.2997	0.2997	TRUE	0.0286
FBgn0037908	4	103	40	295	132	109	119	24	4	6	9	43	64	159	136	103	216	25	2	6	76.35	69	120	4	0.058	-4.114	-3.497	0.000470512313275058	0.0111729749499471	0.719	0.9712	0.7545	0.7545	TRUE	0.1742
FBgn0044328	7	130	88	448	118	98	100	50	15	12	15	55	142	242	122	92	181	52	8	12	92.09	114	112	10	0.088	-3.504	-3.496	0.000472661499964472	0.0112038595763571	0.5389	0.9226	0.5892	0.5892	TRUE	0.1997
FBgn0037530	1484	7103	1733	5878	714	959	455	957	3649	1441	3154	2986	2787	3177	738	902	825	998	1903	1489	1895.81	3026	866	1696	0.561	-0.835	-3.487	0.000488749148527337	0.0114821263487659	0.0118	0.6984	0.0363	0.0363	TRUE	0.0843
N_noFeature	193985	571318	277562	1044071	138389	143244	158728	127314	183584	136295	412228	240214	446371	564259	143004	134737	287689	132749	95744	140827	259782.23	415768	174545	118286	0.284	-1.814	-3.484	0.000494876749867618	0.0115848541285499	0.1352	0.687	0.1736	0.1736	TRUE	0.2441
FBgn0033028	847	3109	832	2113	189	329	139	375	1194	310	1800	1307	1338	1142	195	309	252	391	623	320	767.78	1397	287	472	0.338	-1.564	-3.482	0.000497225547287446	0.0115962281176618	0.0802	0.7152	0.1278	0.1278	TRUE	0.3606
FBgn0033246	5006	19972	12863	25467	2670	3449	1293	3532	10031	3430	10638	8397	20686	13763	2759	3244	2344	3683	5231	3544	7428.98	13371	3008	4388	0.328	-1.607	-3.482	0.000497997526525351	0.0115962281176618	0.0949	0.6899	0.1364	0.1364	TRUE	0.1556
FBgn0261854	1174	7610	945	3761	1042	1026	662	944	2066	704	2495	3200	1520	2033	1077	965	1200	984	1077	727	1527.77	2312	1056	902	0.39	-1.357	-3.473	0.000515463244353551	0.0119394634186362	0.0549	0.7011	0.097	0.097	TRUE	0.0909
FBgn0034990	1	7	11	43	492	229	502	124	0	0	2	3	18	23	508	215	910	129	0	0	180.9	12	440	0	0.012	-6.431	-3.471	0.000519310498170043	0.0119868120757676	0.8412	0.8069	0.834	0.834	TRUE	0.0782
FBgn0005198	758	3767	741	2232	588	604	280	602	1556	536	1611	1584	1192	1206	608	568	507	628	811	554	926.88	1398	578	682	0.489	-1.032	-3.438	0.000587044647908341	0.0133403622828465	0.0236	0.7104	0.0567	0.0567	TRUE	0.0402
FBgn0037295	8	84	111	519	50	32	41	29	27	3	17	35	179	280	52	30	74	30	14	3	71.48	128	46	8	0.069	-3.867	-3.436	0.000590607580452949	0.013398267843162	0.7116	0.9906	0.75	0.75	TRUE	0.0885
FBgn0029834	48	370	252	1344	384	275	124	191	128	32	102	156	405	726	397	259	225	199	67	33	256.84	347	270	50	0.144	-2.795	-3.432	0.000598879549599149	0.0135393950228726	0.3577	0.7714	0.4135	0.4135	TRUE	0.2653
FBgn0031184	202	1125	424	1441	13	79	2	23	176	29	429	473	682	779	13	74	4	24	92	30	260	591	29	61	0.103	-3.274	-3.427	0.000609509476859529	0.0137092906694657	0.5389	0.7704	0.5753	0.5753	TRUE	0.7569
FBgn0015247	562	3546	1148	4291	218	118	224	196	887	444	1194	1491	1846	2319	225	111	406	204	463	459	871.84	1712	236	461	0.269	-1.895	-3.423	0.000618266938871504	0.0138826163161913	0.1473	0.7118	0.1949	0.1949	TRUE	0.2353
FBgn0038672	143	778	272	923	34	122	46	23	139	88	304	327	437	499	35	115	83	24	72	91	198.79	392	64	82	0.208	-2.264	-3.421	0.000622930256886358	0.013939912172323	0.1995	0.7961	0.2732	0.2732	TRUE	0.4168
FBgn0035293	144	1620	607	2617	154	119	82	144	486	124	306	681	976	1414	159	112	149	150	253	128	432.91	844	142	190	0.226	-2.145	-3.412	0.000645632948985528	0.0143265408831192	0.1952	0.7371	0.25	0.25	TRUE	0.0462
FBgn0033387	93	987	550	1781	79	33	15	162	153	69	198	415	885	963	82	31	27	169	80	71	291.95	615	77	76	0.123	-3.025	-3.397	0.000680466204570276	0.014849909585027	0.456	0.7613	0.5004	0.5004	TRUE	0.1242
FBgn0043853	35	86	48	80	0	0	0	0	0	4	74	36	77	43	0	0	0	0	0	4	23.51	58	0	2	0.033	-4.937	-3.396	0.000682734245306748	0.0148748188791832	0.5599	1.6102	1.0793	1.0793	TRUE	0.0278
FBgn0032299	6	34	19	54	120	57	61	29	6	0	13	14	31	29	124	54	111	30	3	0	40.83	22	80	2	0.084	-3.579	-3.393	0.000691586294306265	0.0149934545873984	0.2993	1.2185	0.4265	0.4265	TRUE	0.0403
FBgn0065076	28	45	6	23	0	0	0	0	0	0	60	19	10	12	0	0	0	0	0	0	10.05	25	0	0	0.005	-7.528	-3.392	0.000693485118078531	0.0150099737934276	1.0178	2.8466	1.806	1.806	TRUE	0.6611
FBgn0027584	31	33	202	90	3	3	0	29	5	3	66	14	325	49	3	3	0	30	3	3	49.51	114	9	3	0.025	-5.315	-3.383	0.000716833153138421	0.0154142477538869	1.4585	1.1253	1.3984	1.3984	TRUE	0.9598
FBgn0263468	26	16	15	27	0	0	0	0	0	0	55	7	24	15	0	0	0	0	0	0	10.07	25	0	0	0.005	-7.528	-3.379	0.000727941827231788	0.0155987982238232	1.0869	2.8425	1.8307	1.8307	TRUE	0.1281
FBgn0000078	2711	8002	5973	19174	2972	3424	3153	2620	4517	1175	5761	3364	9606	10362	3071	3221	5715	2732	2356	1214	4740.17	7273	3685	1785	0.245	-2.026	-3.377	0.000733793410576696	0.0156768194172235	0.1759	0.6915	0.2304	0.2304	TRUE	0.0998
FBgn0036679	1	7	32	108	8	0	9	7	0	0	2	3	51	58	8	0	16	7	0	0	14.68	28	8	0	0.005	-7.736	-3.374	0.000741173773249857	0.0157579989182252	1.983	2.1657	2.0211	2.0211	TRUE	0.0306
FBgn0037690	6	64	33	177	83	22	104	77	5	5	13	27	53	96	86	21	188	80	3	5	57.14	47	94	4	0.08	-3.65	-3.375	0.000739497342052684	0.0157579989182252	0.5423	1.0668	0.6082	0.6082	TRUE	0.1433
FBgn0039594	513	2466	1879	5672	287	408	267	391	1102	462	1090	1037	3022	3065	297	384	484	408	575	477	1083.82	2054	393	526	0.256	-1.965	-3.371	0.000747728684258745	0.0158463271561287	0.1646	0.707	0.2164	0.2164	TRUE	0.0236
FBgn0083990	7	14	21	76	0	0	0	0	0	0	15	6	34	41	0	0	0	0	0	0	9.56	24	0	0	0.006	-7.468	-3.367	0.000760622123138985	0.0160679902268864	0.9749	2.9571	1.8026	1.8026	TRUE	0.0236
FBgn0035400	662	3722	1454	6039	486	635	406	753	1225	817	1407	1565	2338	3264	502	597	736	785	639	844	1267.73	2144	655	742	0.346	-1.532	-3.358	0.00078510813811745	0.0164541774642778	0.0881	0.7041	0.1325	0.1325	TRUE	0.1573
FBgn0036116	285	1411	469	1180	166	232	98	84	505	79	606	593	754	638	172	218	178	88	263	82	359.08	648	164	172	0.267	-1.903	-3.358	0.000785134575664244	0.0164541774642778	0.1454	0.7474	0.2022	0.2022	TRUE	0.6962
FBgn0031611	110	832	180	812	70	123	89	204	210	81	234	350	289	439	72	116	161	213	110	84	206.71	328	140	97	0.294	-1.764	-3.354	0.00079648060062648	0.0166128489258632	0.1125	0.7919	0.1707	0.1707	TRUE	0.2178
FBgn0261041	105	1379	696	3756	889	517	674	693	385	56	223	580	1119	2030	919	486	1222	723	201	58	755.99	988	838	130	0.131	-2.931	-3.351	0.000806050424844805	0.0167859365287476	0.4514	0.7156	0.4858	0.4858	TRUE	0.2179
FBgn0085218	0	21	50	167	8	18	4	17	2	1	0	9	80	90	8	17	7	18	1	1	23.17	45	12	1	0.023	-5.437	-3.34	0.000838649582539525	0.0173281540504998	1.1329	1.6235	1.2109	1.2109	TRUE	0.0271
FBgn0040001	2517	10859	7908	16146	185	378	156	675	2024	2113	5349	4566	12718	8726	191	356	283	704	1056	2183	3613.01	7840	384	1620	0.207	-2.276	-3.332	0.000862154854038947	0.0176876779887218	0.2757	0.6929	0.2984	0.2984	TRUE	0.1617
FBgn0035228	1032	6629	1998	5393	869	1149	539	605	2797	1004	2193	2787	3213	2915	898	1081	977	631	1459	1037	1719.06	2777	897	1248	0.45	-1.153	-3.319	0.000904310717917046	0.0183252414587097	0.037	0.6996	0.0768	0.0768	TRUE	0.3026
FBgn0050025	7	23	5	38	0	1	2	0	0	0	15	10	8	21	0	1	4	0	0	0	5.77	14	1	0	0.01	-6.624	-3.316	0.000912666590290326	0.018424980109485	0.1771	4.4493	1.1943	1.1943	TRUE	0.3171
FBgn0039882	245	1519	415	1425	110	171	47	37	398	145	521	639	667	770	114	161	85	39	208	150	335.25	649	100	179	0.275	-1.86	-3.314	0.000920195614726321	0.0184921502301851	0.1386	0.7517	0.1984	0.1984	TRUE	0.466
FBgn0030571	98	638	132	572	62	95	19	159	135	46	208	268	212	309	64	89	34	166	70	48	146.95	249	88	59	0.237	-2.079	-3.309	0.000936618157998261	0.018765052412824	0.1742	0.8346	0.2426	0.2426	TRUE	1.2654
FBgn0028499	104	784	104	476	221	207	251	203	163	64	221	330	167	257	228	195	455	212	85	66	221.6	244	272	76	0.31	-1.691	-3.308	0.00093835468223025	0.0187713588931606	0.1034	0.7849	0.159	0.159	TRUE	0.6214
FBgn0038439	1	31	19	81	55	0	51	49	0	0	2	13	31	44	57	0	92	51	0	0	28.99	22	50	0	0.006	-7.381	-3.308	0.000940608085059506	0.018783566868377	1.9665	1.4358	1.8389	1.8389	TRUE	0.0912
FBgn0035258	2	22	14	53	121	92	93	46	3	0	4	9	23	29	125	87	169	48	2	0	49.43	16	107	1	0.058	-4.119	-3.305	0.000948889515980077	0.0188677534329593	0.343	1.126	0.4631	0.4631	TRUE	0.0639
FBgn0086665	15	26	8	26	0	0	0	0	0	0	32	11	13	14	0	0	0	0	0	0	6.97	18	0	0	0.008	-6.998	-3.291	0.000998027137937781	0.0196085599735008	0.2184	3.7999	1.5411	1.5411	TRUE	0.6148
FBgn0036851	7	73	39	225	52	44	10	54	18	2	15	31	63	122	54	41	18	56	9	2	41.09	58	42	6	0.103	-3.281	-3.284	0.00102213761038723	0.0200524262554869	0.4523	1.2152	0.5474	0.5474	TRUE	0.2703
FBgn0032800	39	444	167	864	106	99	117	43	64	46	83	187	269	467	110	93	212	45	33	48	154.55	252	115	40	0.16	-2.642	-3.283	0.00102793610335989	0.0201362616805054	0.3347	0.8274	0.4006	0.4006	TRUE	0.1245
FBgn0013981	1807	14121	2153	7322	2311	1914	1581	1403	2783	1841	3840	5937	3462	3957	2388	1800	2866	1463	1451	1902	2906.72	4299	2129	1676	0.39	-1.359	-3.279	0.00104025986191313	0.0202276155476274	0.0699	0.6944	0.1096	0.1096	TRUE	0.4052
FBgn0004511	5	66	4	45	139	71	135	28	2	0	11	28	6	24	144	67	245	29	1	0	55.45	17	121	0	0.036	-4.803	-3.277	0.00104841430545857	0.0202965015762015	0.519	1.0784	0.6001	0.6001	TRUE	0.0703
FBgn0010051	1286	5886	1591	4799	1099	1016	788	1081	2768	1521	2733	2475	2559	2594	1136	956	1428	1127	1444	1572	1802.17	2590	1162	1508	0.582	-0.781	-3.269	0.0010805499209166	0.0207361927410783	0.0126	0.699	0.036	0.036	TRUE	0.1856
FBgn0028689	2085	12236	2944	9237	1540	1764	1559	1559	4505	2084	4431	5145	4734	4992	1591	1659	2826	1626	2349	2153	3150.65	4826	1926	2251	0.467	-1.1	-3.267	0.00108575444110502	0.0208058285717119	0.0368	0.6938	0.0723	0.0723	TRUE	0.7886
FBgn0259162	0	13	6	27	23	32	18	13	0	0	0	5	10	15	24	30	33	14	0	0	12.98	8	25	0	0.017	-5.844	-3.264	0.00109979565524032	0.0210138958554818	0.2712	2.3597	0.674	0.674	TRUE	0.4633
FBgn0066293	8	27	27	46	2	0	0	0	2	0	17	11	43	25	2	0	0	0	1	0	9.97	24	0	0	0.026	-5.272	-3.257	0.00112489878012774	0.0213391359109577	0	2.863	0.8819	0.8819	TRUE	0.3665
FBgn0026439	474	1911	2218	5460	338	211	273	338	957	324	1007	803	3567	2951	349	198	495	352	499	335	1055.74	2082	348	417	0.2	-2.32	-3.248	0.00116036848251775	0.0219356770741826	0.2765	0.7075	0.3252	0.3252	TRUE	0.0388
FBgn0030674	4014	20837	3732	14024	4875	4187	3518	3996	7872	2068	8530	8761	6002	7579	5038	3938	6376	4167	4105	2137	5663.29	7718	4880	3121	0.404	-1.306	-3.248	0.00116141191400498	0.0219356770741826	0.0614	0.6908	0.1033	0.1033	TRUE	0.3448
FBgn0051908	655	3610	885	2990	1281	994	689	1023	1704	819	1392	1518	1423	1616	1324	935	1249	1067	889	846	1225.8	1487	1144	868	0.583	-0.778	-3.248	0.00116299128621736	0.0219356770741826	0.0111	0.7046	0.0359	0.0359	TRUE	0.1214
FBgn0004186	23	30	6	60	0	0	0	0	1	0	49	13	10	32	0	0	0	0	1	0	10.41	26	0	0	0.013	-6.216	-3.247	0.00116832315675198	0.0219734624481429	0.5618	2.7722	1.1783	1.1783	TRUE	0.0507
FBgn0259171	408	1849	592	1757	1157	792	1531	779	424	242	867	777	952	950	1196	745	2775	812	221	250	954.49	886	1382	236	0.266	-1.912	-3.242	0.00118827821149261	0.0222852801510468	0.1682	0.7097	0.2203	0.2203	TRUE	1.4163
FBgn0052451	1791	8192	2483	7319	2491	2203	2042	1961	3839	1059	3806	3444	3993	3955	2574	2072	3701	2045	2002	1094	2868.73	3800	2598	1548	0.408	-1.295	-3.232	0.00122856963056295	0.0229606919937768	0.064	0.6945	0.1023	0.1023	TRUE	0.6552
FBgn0259164	32	149	135	288	21	26	28	27	62	18	68	63	217	156	22	24	51	28	32	19	67.94	126	31	26	0.204	-2.292	-3.232	0.00122950914486103	0.0229606919937768	0.2194	1.0064	0.2992	0.2992	TRUE	0.0879
FBgn0039525	57	475	152	802	38	50	9	31	129	53	121	200	244	433	39	47	16	32	67	55	125.57	250	34	61	0.244	-2.035	-3.229	0.00124132774450604	0.0231160087598212	0.1732	0.8598	0.2444	0.2444	TRUE	0.1286
FBgn0015772	1439	5808	1339	3344	834	1064	453	865	2497	608	3058	2442	2153	1807	862	1001	821	902	1302	628	1497.66	2365	896	965	0.409	-1.291	-3.227	0.00125100118905556	0.0232412415899889	0.0583	0.7014	0.1018	0.1018	TRUE	0.1167
FBgn0034501	2304	19074	9083	27778	1655	2091	1094	1553	7877	2031	4896	8020	14607	15012	1710	1967	1983	1619	4108	2099	5602.12	10634	1820	3104	0.292	-1.777	-3.227	0.00125157333715686	0.0232412415899889	0.1282	0.6908	0.194	0.194	TRUE	0.0593
FBgn0027934	3	16	37	65	0	0	0	0	0	0	6	7	60	35	0	0	0	0	0	0	10.77	27	0	0	0.005	-7.639	-3.225	0.0012616224357548	0.02333935607824	1.8894	2.7016	2.2473	2.2473	TRUE	0.0655
FBgn0038953	307	1518	343	1143	161	131	68	155	704	310	652	638	552	618	166	123	123	162	367	320	372.19	615	144	344	0.559	-0.838	-3.225	0.00126010258013087	0.02333935607824	0.0071	0.7453	0.0411	0.0411	TRUE	0.0782
FBgn0085437	688	3879	970	3825	812	1174	560	586	1662	624	1462	1631	1560	2067	839	1104	1015	611	867	645	1180.1	1680	892	756	0.45	-1.152	-3.22	0.0012820067464642	0.0236071618878199	0.0411	0.7053	0.0811	0.0811	TRUE	0.3586
FBgn0027621	943	6657	2303	7448	2300	2496	1064	1989	2791	1321	2004	2799	3704	4025	2377	2348	1928	2074	1456	1365	2407.91	3133	2182	1410	0.45	-1.152	-3.217	0.00129498408336722	0.0238129176221412	0.0404	0.696	0.0816	0.0816	TRUE	0.1482
FBgn0029719	14	87	13	54	11	11	17	9	7	7	30	37	21	29	11	10	31	9	4	7	18.92	29	15	6	0.178	-2.487	-3.216	0.0013004011680296	0.0238792720744016	0.1034	1.834	0.2752	0.2752	TRUE	0.6977
FBgn0032897	498	4105	1864	6588	719	918	330	457	1260	683	1058	1726	2998	3560	743	863	598	477	657	706	1338.62	2336	670	682	0.292	-1.778	-3.215	0.00130545205386592	0.0239055249198222	0.1438	0.7032	0.195	0.195	TRUE	0.0462
FBgn0037063	374	2020	826	2473	316	601	225	290	758	434	795	849	1328	1337	327	565	408	302	395	448	675.47	1077	400	422	0.391	-1.353	-3.214	0.00130936494081379	0.0239439685783442	0.0684	0.7191	0.112	0.112	TRUE	0.1042
FBgn0023416	47	528	317	1446	290	192	214	146	138	60	100	222	510	781	300	181	388	152	72	62	276.75	403	255	67	0.166	-2.591	-3.21	0.0013267543656118	0.0241949418358738	0.3597	0.7654	0.4086	0.4086	TRUE	0.1177
FBgn0264339	24	167	212	885	250	172	172	138	80	10	51	70	341	478	258	162	312	144	42	10	186.83	235	219	26	0.112	-3.164	-3.208	0.00133561114961442	0.0243082367894929	0.57	0.8031	0.6016	0.6016	TRUE	0.1417
FBgn0039851	7	177	8	16	21	21	51	13	0	2	15	74	13	9	22	20	92	14	0	2	26.03	28	37	1	0.031	-5.009	-3.207	0.00134033221040391	0.024341686621682	0.8914	1.5207	0.9848	0.9848	TRUE	7.6766
FBgn0261260	2206	7393	4126	13127	2956	2280	2604	2562	3877	1509	4688	3108	6635	7094	3055	2145	4720	2671	2022	1559	3769.74	5381	3148	1790	0.333	-1.587	-3.207	0.00134290090372158	0.0243548360327419	0.108	0.6927	0.1566	0.1566	TRUE	0.1877
FBgn0028482	174	1375	1003	3284	425	369	255	607	557	158	370	578	1613	1775	439	347	462	633	290	163	667.08	1084	470	226	0.209	-2.255	-3.203	0.00135903674152454	0.0245127897518422	0.2643	0.7195	0.3149	0.3149	TRUE	0.042
FBgn0038049	402	2343	552	2229	383	300	261	410	978	439	854	985	888	1205	396	282	473	428	510	454	647.39	983	395	482	0.49	-1.03	-3.203	0.00135844698568279	0.0245127897518422	0.0276	0.7205	0.0647	0.0647	TRUE	0.286
FBgn0024944	151	844	148	778	293	118	186	231	238	37	321	355	238	420	303	111	337	241	124	38	248.83	334	248	81	0.245	-2.031	-3.2	0.00137527080108111	0.0247043542675835	0.1911	0.7742	0.2507	0.2507	TRUE	0.4262
FBgn0083050	77	74	26	48	0	12	0	0	2	0	164	31	42	26	0	11	0	0	1	0	27.48	66	3	0	0.009	-6.795	-3.19	0.00142282062027634	0.0253515528333448	2.3442	1.4767	2.0578	2.0578	TRUE	2.8166
FBgn0000079	2773	11789	7263	23283	7069	11540	5945	8274	5933	2772	5893	4957	11680	12583	7305	10855	10775	8627	3094	2864	7863.3	8778	9390	2979	0.339	-1.559	-3.185	0.00144552534490066	0.025617813595602	0.0997	0.6897	0.1532	0.1532	TRUE	0.082
FBgn0030816	245	1227	217	709	216	210	129	174	476	172	521	516	349	383	223	198	234	181	248	178	303.06	442	209	213	0.483	-1.049	-3.182	0.00146389154688962	0.0258738421600852	0.028	0.7586	0.0664	0.0664	TRUE	0.0667
FBgn0030412	953	5165	1674	8327	2103	1884	1353	1926	2528	734	2025	2172	2692	4500	2173	1772	2452	2008	1318	758	2187.17	2847	2101	1038	0.365	-1.455	-3.18	0.00147181873308912	0.0259791747767055	0.0965	0.6969	0.1335	0.1335	TRUE	1.1094
FBgn0032023	8	62	52	155	39	27	20	24	21	6	17	26	84	84	40	25	36	25	11	6	35.46	53	32	8	0.165	-2.598	-3.175	0.00149755627251245	0.026327876785595	0.257	1.2991	0.3635	0.3635	TRUE	0.0508
FBgn0261862	1578	9424	2837	6238	1908	2026	1705	1885	3872	1576	3353	3962	4562	3371	1972	1906	3090	1965	2019	1628	2783.02	3812	2233	1824	0.479	-1.063	-3.173	0.00150621148386325	0.0263554418703274	0.0406	0.6947	0.0715	0.0715	TRUE	0.5331
FBgn0263462	45	50	10	23	0	0	0	0	2	0	96	21	16	12	0	0	0	0	1	0	14.62	36	0	0	0.017	-5.894	-3.173	0.00150710888526071	0.0263554418703274	1.0451	2.1715	1.3862	1.3862	TRUE	2.1984
FBgn0033296	512	224	4557	4178	240	458	27	52	179	197	1088	94	7328	2258	248	431	49	54	93	204	1184.75	2692	196	148	0.055	-4.181	-3.169	0.0015282930001483	0.026620122006541	1.1877	0.7053	1.1115	1.1115	TRUE	0.234
FBgn0031080	9	76	38	112	30	15	25	6	10	6	19	32	61	61	31	14	45	6	5	6	28.08	43	24	6	0.131	-2.936	-3.169	0.00153203942198247	0.0266502193523512	0.3285	1.4599	0.452	0.452	TRUE	0.2049
FBgn0030613	91	1101	698	3621	924	764	901	693	375	61	193	463	1123	1957	955	719	1633	723	196	63	802.34	934	1008	130	0.139	-2.851	-3.167	0.00153863350216257	0.026694583612421	0.484	0.714	0.5145	0.5145	TRUE	0.2632
FBgn0032350	1616	9060	1951	3483	1408	1099	697	922	2884	696	3434	3809	3138	1882	1455	1034	1263	961	1504	719	1919.99	3066	1178	1112	0.363	-1.463	-3.168	0.00153720194725318	0.026694583612421	0.0821	0.6982	0.136	0.136	TRUE	0.2976
FBgn0029769	139	376	201	296	48	16	11	20	137	16	295	158	323	160	50	15	20	21	71	17	113.01	234	26	44	0.19	-2.395	-3.155	0.00160698574097597	0.0276263447110752	0.2926	0.879	0.3559	0.3559	TRUE	0.1625
FBgn0039536	152	1790	1195	7312	1476	843	957	691	637	92	323	753	1922	3952	1525	793	1735	720	332	95	1214.96	1738	1193	214	0.123	-3.022	-3.149	0.00163580492750503	0.027939886750128	0.5391	0.7048	0.5873	0.5873	TRUE	0.279
FBgn0031998	134	560	305	1044	74	119	31	37	258	69	285	235	490	564	76	112	56	39	135	71	206.39	394	71	103	0.262	-1.932	-3.149	0.00164107427048903	0.0279795455754295	0.169	0.7921	0.2351	0.2351	TRUE	0.0677
FBgn0033793	18	126	152	786	111	131	70	116	67	10	38	53	244	425	115	123	127	121	35	10	129.15	190	122	22	0.12	-3.059	-3.144	0.00166891126521781	0.0283221535150009	0.5407	0.855	0.5819	0.5819	TRUE	0.1907
FBgn0036527	0	0	97	498	10	37	19	1	1	0	0	0	156	269	10	35	34	1	1	0	50.63	106	20	0	0.003	-8.287	-3.141	0.00168181440664522	0.0283951350523489	4.0667	1.1157	3.2845	3.2845	TRUE	0.0791
FBgn0054040	45	16	751	121	43	50	0	3	16	5	96	7	1208	65	44	47	0	3	8	5	148.36	344	24	6	0.02	-5.663	-3.142	0.00167824600150913	0.0283951350523489	2.292	0.8332	2.0038	2.0038	TRUE	3.9374
FBgn0261871	5	42	42	183	42	15	38	12	8	4	11	18	68	99	43	14	69	13	4	4	34.19	49	35	4	0.085	-3.558	-3.135	0.00171861028501146	0.0288320350609992	0.6108	1.3217	0.6955	0.6955	TRUE	0.1233
FBgn0041194	442	1348	1908	1911	625	580	462	324	316	365	939	567	3068	1033	646	546	837	338	165	377	851.58	1402	592	271	0.193	-2.372	-3.134	0.0017250492497511	0.0289033315285073	0.3183	0.7124	0.3648	0.3648	TRUE	0.9177
FBgn0260859	40	76	34	102	12	6	6	6	27	14	85	32	55	55	12	6	11	6	14	14	29.05	57	9	14	0.255	-1.969	-3.129	0.00175338217509739	0.0292666306672703	0.0939	1.4341	0.2113	0.2113	TRUE	0.0614
FBgn0261797	4839	14688	3013	11673	2089	1992	1455	1659	6404	2092	10283	6176	4845	6309	2159	1874	2637	1730	3340	2162	4151.36	6903	2100	2751	0.399	-1.327	-3.127	0.00176436927964222	0.029412837877672	0.0778	0.6922	0.1151	0.1151	TRUE	0.336
FBgn0261859	644	3712	1433	3087	854	772	557	586	1690	355	1369	1561	2305	1668	882	726	1010	611	881	367	1137.95	1726	807	624	0.362	-1.465	-3.125	0.00177753488484475	0.0295576739100821	0.0908	0.706	0.1398	0.1398	TRUE	0.3649
FBgn0265546	1	3	58	230	5	1	0	3	2	0	2	1	93	124	5	1	0	3	1	0	23.12	55	2	0	0.011	-6.55	-3.123	0.00179073435104483	0.0297023437648805	2.0524	1.6256	1.9715	1.9715	TRUE	0.0317
FBgn0040005	321	1086	381	919	53	85	30	39	443	260	682	457	613	497	55	80	54	41	231	269	297.76	562	58	250	0.445	-1.168	-3.119	0.00181658513892169	0.0300556060014825	0.039	0.7598	0.087	0.087	TRUE	0.1597
FBgn0030039	147	772	230	1063	49	108	29	76	278	145	312	325	370	574	51	102	53	79	145	150	216.02	395	71	148	0.372	-1.426	-3.118	0.00182235340009667	0.0301133065600454	0.0738	0.7874	0.1296	0.1296	TRUE	0.7417
FBgn0033252	122	709	184	809	270	170	181	233	235	18	259	298	296	437	279	160	328	243	123	19	244.16	322	252	71	0.22	-2.182	-3.115	0.00183752656449229	0.0303260790387396	0.245	0.7758	0.3058	0.3058	TRUE	0.2666
FBgn0040257	26	33	45	34	5	1	0	1	8	1	55	14	72	18	5	1	0	1	4	1	17.22	40	2	2	0.069	-3.849	-3.114	0.00184573342793069	0.0304234936940934	0.5672	1.9472	0.7853	0.7853	TRUE	0.1515
FBgn0035839	47	351	51	173	31	36	28	33	79	42	100	148	82	93	32	34	51	34	41	43	65.86	106	38	42	0.396	-1.335	-3.113	0.00185037223561043	0.0304619259685344	0.0392	1.0165	0.1022	0.1022	TRUE	0.5532
FBgn0039434	12	184	0	17	66	60	0	27	0	0	26	77	0	9	68	56	0	28	0	0	26.48	28	38	0	0.005	-7.704	-3.112	0.00185821049118989	0.0305528681384559	3.0342	1.5065	2.5784	2.5784	TRUE	0.4069
FBgn0003950	23	127	101	303	46	47	39	48	59	6	49	53	162	164	48	44	71	50	31	6	67.79	107	53	18	0.176	-2.507	-3.111	0.00186608658038659	0.0306442053741842	0.3037	1.0071	0.3852	0.3852	TRUE	0.0344
FBgn0085433	141	1023	191	913	435	142	168	236	213	126	300	430	307	493	450	134	304	246	111	130	290.53	382	284	120	0.314	-1.669	-3.109	0.00187500495961558	0.0307413551153748	0.1242	0.7616	0.1793	0.1793	TRUE	0.2222
FBgn0039938	120	580	326	775	235	163	143	170	288	101	255	244	524	419	243	153	259	177	150	104	252.91	360	208	127	0.354	-1.498	-3.107	0.00188810778442396	0.0308905663912633	0.0887	0.7728	0.1438	0.1438	TRUE	0.1349
FBgn0030958	6	34	5	46	0	0	0	0	0	0	13	14	8	25	0	0	0	0	0	0	5.99	15	0	0	0.009	-6.804	-3.105	0.0019007275461292	0.0309055490043644	0.2064	4.3076	1.7165	1.7165	TRUE	0.0976
FBgn0038739	133	987	555	2518	124	143	118	187	426	95	283	415	893	1361	128	135	214	195	222	98	394.28	738	168	160	0.217	-2.202	-3.105	0.00190406713882358	0.0309217692913748	0.2549	0.742	0.3184	0.3184	TRUE	0.091
FBgn0052380	521	2386	1066	4375	415	442	248	359	1319	209	1107	1003	1714	2364	429	416	449	374	688	216	876.14	1547	417	452	0.292	-1.774	-3.104	0.00190902526270802	0.0309642021419337	0.1487	0.7117	0.2078	0.2078	TRUE	0.1327
FBgn0052432	74	1008	594	2737	541	544	579	635	311	17	157	424	955	1479	559	512	1049	662	162	18	597.75	754	696	90	0.12	-3.064	-3.103	0.00191798538488451	0.0310592456236581	0.601	0.7232	0.6184	0.6184	TRUE	0.1491
FBgn0038665	24	72	97	179	26	5	7	14	15	16	51	30	156	97	27	5	13	15	8	17	41.72	84	15	12	0.144	-2.795	-3.098	0.0019460854488992	0.0314494078112804	0.3788	1.2072	0.4739	0.4739	TRUE	0.0859
FBgn0050076	1	32	17	58	116	90	173	23	2	0	2	13	27	31	120	85	314	24	1	0	61.74	18	136	0	0.033	-4.91	-3.097	0.00195544545394353	0.0314850564980688	0.7698	1.0385	0.8154	0.8154	TRUE	0.163
FBgn0064227	3	10	19	67	4	4	0	1	1	0	6	4	31	36	4	4	0	1	1	0	8.68	19	2	0	0.018	-5.807	-3.097	0.00195508601190425	0.0314850564980688	0.7325	3.1873	1.0787	1.0787	TRUE	0.0275
FBgn0264753	48	392	284	1130	604	586	430	366	160	46	102	165	457	611	624	551	779	382	83	48	380.15	334	584	66	0.197	-2.346	-3.097	0.00195474800711104	0.0314850564980688	0.3077	0.744	0.3587	0.3587	TRUE	0.2462
FBgn0033132	124	1228	500	3001	298	301	353	237	405	69	264	516	804	1622	308	283	640	247	211	71	496.63	802	370	141	0.176	-2.502	-3.09	0.00200211460774284	0.0320411141406408	0.3716	0.7306	0.416	0.416	TRUE	0.2317
FBgn0053970	265	1059	1269	3815	308	327	121	246	703	124	563	445	2041	2062	318	308	219	257	367	128	670.74	1278	276	248	0.194	-2.367	-3.089	0.00200883403011302	0.0320709016923606	0.3272	0.7193	0.3738	0.3738	TRUE	0.0272
FBgn0030417	6	70	28	130	42	67	36	32	19	2	13	29	45	70	43	63	65	33	10	2	37.45	39	51	6	0.158	-2.662	-3.083	0.00205083943677991	0.0326231723901267	0.2663	1.2665	0.3881	0.3881	TRUE	0.2155
FBgn0037765	118	994	681	2281	40	28	0	13	193	20	251	418	1095	1233	41	26	0	14	101	21	319.92	749	20	61	0.081	-3.622	-3.082	0.0020555747874481	0.0326591503233181	0.9071	0.7548	0.8758	0.8758	TRUE	0.0491
FBgn0086027	38	98	14	38	0	0	0	0	6	0	81	41	23	21	0	0	0	0	3	0	16.81	42	0	2	0.042	-4.582	-3.081	0.00206411314190341	0.0326768415018594	0.6217	1.9778	1.1143	1.1143	TRUE	0.1915
FBgn0032482	1254	6025	3392	10817	896	898	502	1091	3396	1131	2665	2533	5455	5846	926	845	910	1138	1771	1169	2325.67	4125	955	1470	0.356	-1.488	-3.079	0.00208007276287339	0.032890060704452	0.0976	0.6963	0.1493	0.1493	TRUE	0.0351
FBgn0264494	714	3933	2209	5145	421	453	721	437	1435	385	1517	1654	3552	2781	435	426	1307	456	748	398	1327.38	2376	656	573	0.241	-2.051	-3.077	0.00209124715942902	0.033027196466437	0.2328	0.7033	0.2836	0.2836	TRUE	0.3404
FBgn0032394	329	2730	1234	5072	197	251	69	295	830	427	699	1148	1984	2741	204	236	125	308	433	441	831.9	1643	218	437	0.266	-1.911	-3.076	0.00209641882146785	0.0330693162483155	0.1928	0.713	0.2459	0.2459	TRUE	0.0532
FBgn0030258	55	231	257	478	96	47	57	75	121	26	117	97	413	258	99	44	103	78	63	27	130.05	221	81	45	0.205	-2.289	-3.074	0.00211249705746081	0.0332409391243041	0.279	0.8538	0.342	0.342	TRUE	0.1526
FBgn0050411	39	226	95	305	87	163	44	61	47	47	83	95	153	165	90	153	80	64	25	49	95.52	124	97	37	0.291	-1.78	-3.071	0.00213426467443227	0.0334266862355033	0.1303	0.9142	0.198	0.198	TRUE	0.2015
FBgn0086670	41	32	26	30	0	0	0	0	4	0	87	13	42	16	0	0	0	0	2	0	16.07	40	0	1	0.03	-5.082	-3.071	0.00213320016646678	0.0334266862355033	0.9544	2.0376	1.3139	1.3139	TRUE	0.1469
FBgn0028671	1067	5571	1845	6174	992	750	684	661	2225	1254	2267	2342	2967	3337	1025	705	1240	689	1160	1296	1702.92	2728	915	1228	0.45	-1.152	-3.069	0.00214699589534097	0.0335813553303139	0.0512	0.6997	0.0897	0.0897	TRUE	0.23
FBgn0040491	54	338	190	752	98	67	84	60	121	51	115	142	306	406	101	63	152	63	63	53	146.37	242	95	58	0.239	-2.065	-3.069	0.00214922708885218	0.0335813553303139	0.2141	0.8352	0.2796	0.2796	TRUE	0.0855
FBgn0037655	1908	12121	2506	10750	3440	3208	1671	3303	5475	1342	4055	5096	4030	5810	3555	3017	3029	3444	2855	1387	3627.76	4748	3261	2121	0.447	-1.162	-3.059	0.00222154114642221	0.0344023287315683	0.0512	0.6929	0.0921	0.0921	TRUE	0.1848
FBgn0051814	12	129	74	513	134	51	119	73	39	6	26	54	119	277	138	48	216	76	20	6	98.08	119	120	13	0.113	-3.149	-3.059	0.00222197657017327	0.0344023287315683	0.5991	0.9082	0.6377	0.6377	TRUE	0.5736
FBgn0264607	745	2887	1166	3319	250	246	244	225	1090	761	1583	1214	1875	1794	258	231	442	235	568	786	898.72	1616	292	677	0.419	-1.255	-3.058	0.00222525172080606	0.0344023287315683	0.0617	0.7111	0.1069	0.1069	TRUE	0.6726
FBgn0260003	2128	9890	3316	9748	3066	2912	2324	2680	5515	1655	4522	4158	5333	5268	3168	2739	4212	2794	2876	1710	3678.15	4820	3228	2293	0.476	-1.071	-3.048	0.00230446268739603	0.0354200475689055	0.0433	0.6928	0.0788	0.0788	TRUE	0.3385
FBgn0266791	0	2	229	790	0	3	0	0	2	0	0	1	368	427	0	3	0	0	1	0	79.99	199	1	0	0.003	-8.461	-3.044	0.00233090146785176	0.0357017309513304	6.2152	0.9583	4.0533	4.0533	TRUE	0.1036
FBgn0032494	327	1033	1938	4311	113	142	18	346	448	9	695	434	3117	2330	117	134	33	361	234	9	746.24	1644	161	122	0.074	-3.756	-3.042	0.002350791162671	0.0359230274545662	1.0194	0.716	0.9719	0.9719	TRUE	0.0745
FBgn0035167	9	75	49	192	10	0	0	0	3	0	19	32	79	104	10	0	0	0	2	0	24.51	58	2	1	0.015	-6.08	-3.041	0.00236076890702175	0.0360337940802406	2.1813	1.5724	1.9746	1.9746	TRUE	0.4034
FBgn0017430	154	735	162	424	112	109	66	153	301	106	327	309	261	229	116	103	120	160	157	110	188.99	282	125	134	0.476	-1.07	-3.037	0.00238700660612913	0.0363922034881327	0.0304	0.8018	0.0743	0.0743	TRUE	0.1855
FBgn0037244	220	861	135	438	51	79	12	15	140	75	468	362	217	237	53	74	22	16	73	77	159.82	321	41	75	0.235	-2.091	-3.035	0.00240373107763435	0.0366049151303418	0.2289	0.8227	0.296	0.296	TRUE	0.2374
FBgn0030999	3363	11582	14452	26531	2903	4217	1753	4951	3519	3855	7147	4870	23241	14338	3000	3967	3177	5162	1835	3983	7072.06	12399	3826	2909	0.235	-2.092	-3.032	0.00242666267755675	0.0368266980825078	0.2581	0.69	0.3046	0.3046	TRUE	0.1285
FBgn0052791	104	451	76	202	100	11	17	65	61	23	221	190	122	109	103	10	31	68	32	24	90.99	160	53	28	0.174	-2.524	-3.029	0.00245488869082875	0.0371270279324306	0.3551	0.9255	0.424	0.424	TRUE	0.3489
FBgn0037780	298	1640	605	1913	474	785	290	583	833	342	633	690	973	1034	490	738	526	608	434	353	647.91	832	590	394	0.473	-1.079	-3.025	0.00249019653539517	0.0375749312649399	0.0404	0.7204	0.0798	0.0798	TRUE	0.0711
FBgn0260756	76	389	179	542	48	133	48	88	170	61	162	164	288	293	50	125	87	92	89	63	141.1	227	88	76	0.336	-1.575	-3.023	0.00250250429769736	0.0377175390896099	0.1039	0.8408	0.1653	0.1653	TRUE	0.077
FBgn0032652	84	817	230	466	49	94	39	125	193	14	179	344	370	252	51	88	71	130	101	14	159.89	286	85	58	0.203	-2.301	-3.019	0.00253975493302928	0.0381708366455882	0.2998	0.8227	0.362	0.362	TRUE	0.1551
FBgn0001324	750	3696	859	3363	1361	1591	1220	1242	1733	445	1594	1554	1381	1818	1406	1497	2211	1295	904	460	1411.95	1587	1602	682	0.43	-1.217	-3.015	0.00256585259208128	0.0384351281389361	0.0633	0.7023	0.1034	0.1034	TRUE	0.5188
FBgn0261109	212	1318	137	526	62	47	23	63	305	88	451	554	220	284	64	44	42	66	159	91	197.49	377	54	125	0.332	-1.59	-3.015	0.00256758183886553	0.0384351281389361	0.1144	0.7968	0.1731	0.1731	TRUE	0.0488
FBgn0040251	10	24	8	9	2	0	0	0	0	0	21	10	13	5	2	0	0	0	0	0	5.11	12	0	0	0.011	-6.484	-3.01	0.00261650660770913	0.0389467156049422	0.3541	4.9313	1.6086	1.6086	TRUE	0.3055
FBgn0015278	1118	4253	1324	3800	871	818	490	1144	2408	999	2376	1788	2129	2054	900	769	888	1193	1256	1032	1438.54	2087	938	1144	0.549	-0.866	-2.999	0.00271082746220243	0.0403052420984895	0.0232	0.702	0.0527	0.0527	TRUE	0.2682
FBgn0005664	44	179	131	333	956	1255	668	458	82	4	94	75	211	180	988	1180	1211	478	43	4	446.29	140	964	24	0.171	-2.549	-2.998	0.00272184037001432	0.0404234627731148	0.3896	0.7356	0.439	0.439	TRUE	0.3229
FBgn0052023	45	247	204	369	16	34	34	1	50	5	96	104	328	199	17	32	62	1	26	5	86.94	182	28	16	0.087	-3.523	-2.995	0.00274282432059716	0.0406436694779397	0.8351	0.9366	0.8514	0.8514	TRUE	0.3022
FBgn0030600	297	1984	1106	5810	1090	1015	1034	444	467	375	631	834	1779	3140	1126	955	1874	463	244	387	1143.31	1596	1104	316	0.198	-2.34	-2.994	0.00275276635230731	0.040699635105838	0.3536	0.7059	0.3893	0.3893	TRUE	0.2874
FBgn0040344	435	2512	511	2230	485	486	383	472	1121	300	924	1056	822	1205	501	457	694	492	585	310	704.68	1002	536	448	0.447	-1.162	-2.994	0.00275134077005523	0.040699635105838	0.0535	0.7177	0.0949	0.0949	TRUE	0.2015
FBgn0085447	56	494	413	1917	289	229	238	104	186	7	119	208	664	1036	299	215	431	108	97	7	318.5	507	263	52	0.103	-3.274	-2.993	0.0027644127534245	0.0407306830825244	0.7564	0.7551	0.7561	0.7561	TRUE	0.1158
FBgn0052647	242	735	933	1878	217	237	82	95	472	41	514	309	1500	1015	224	223	149	99	246	42	432.2	834	174	144	0.173	-2.528	-2.991	0.00277815969110188	0.0408009370429568	0.4123	0.7372	0.4536	0.4536	TRUE	0.07
FBgn0085386	23	240	206	785	221	136	108	159	101	24	49	101	331	424	228	128	196	166	53	25	170.06	226	180	39	0.172	-2.542	-2.989	0.00279852181128399	0.0410543149715362	0.3967	0.8146	0.4483	0.4483	TRUE	0.0859
FBgn0034567	9	104	54	253	190	160	183	63	25	9	19	44	87	137	196	150	332	66	13	9	105.3	72	186	11	0.156	-2.679	-2.984	0.00284562550168767	0.0416066373186959	0.4057	0.8931	0.4657	0.4657	TRUE	0.1211
FBgn0015336	46	159	133	389	81	41	53	65	84	31	98	67	214	210	84	39	96	68	44	32	95.07	147	72	38	0.259	-1.951	-2.982	0.0028628670740946	0.0417662253914596	0.1885	0.9152	0.258	0.258	TRUE	0.0663
FBgn0030985	62	233	176	249	10	1	0	4	46	1	132	98	283	135	10	1	0	4	24	1	68.78	162	4	12	0.079	-3.665	-2.975	0.00293425955558841	0.0425841028635331	0.9095	1.0025	0.9298	0.9298	TRUE	0.81
FBgn0085420	5	90	55	234	55	35	32	25	3	13	11	38	88	126	57	33	58	26	2	13	45.22	66	44	8	0.109	-3.195	-2.974	0.00293505518486822	0.0425841028635331	0.5858	1.1669	0.6626	0.6626	TRUE	0.0822
FBgn0259245	16	131	81	283	131	62	175	69	38	6	34	55	130	153	135	58	317	72	20	6	98.11	93	146	13	0.142	-2.818	-2.973	0.00295155876370984	0.0427617845012693	0.4781	0.9082	0.5328	0.5328	TRUE	0.4347
FBgn0000039	12	173	77	504	468	177	494	259	28	19	26	73	124	272	484	166	895	270	15	20	234.42	124	454	18	0.137	-2.864	-2.97	0.00297762323454919	0.0429656388696754	0.5212	0.7795	0.5623	0.5623	TRUE	0.2277
FBgn0061469	794	3599	1567	5739	1218	1530	1207	1271	2013	602	1687	1513	2520	3102	1259	1439	2188	1325	1050	622	1670.46	2206	1553	836	0.379	-1.399	-2.968	0.00299485453886606	0.04316710095704	0.099	0.6999	0.1415	0.1415	TRUE	0.1417
FBgn0263018	8	18	10	19	0	0	0	0	0	0	17	8	16	10	0	0	0	0	0	0	5.09	13	0	0	0.011	-6.545	-2.962	0.00305428331087889	0.043879981015815	0.1187	4.9495	1.7641	1.7641	TRUE	0.0376
FBgn0038693	192	2174	1102	6610	1832	1290	1803	993	749	57	408	914	1772	3572	1893	1213	3268	1035	391	59	1452.59	1666	1852	225	0.135	-2.889	-2.952	0.00315901104576863	0.0451389857546355	0.5799	0.7019	0.6111	0.6111	TRUE	0.4155
FBgn0030830	1	5	4	26	75	9	25	26	0	0	2	2	6	14	78	8	45	27	0	0	18.31	6	40	0	0.021	-5.56	-2.95	0.0031816312738243	0.0453293786509191	0.7083	1.8723	0.8855	0.8855	TRUE	0.1042
FBgn0037519	45	382	206	675	84	70	52	25	135	28	96	161	331	365	87	66	94	26	70	29	132.46	238	68	50	0.21	-2.255	-2.95	0.00318263531086889	0.0453293786509191	0.2994	0.8508	0.3624	0.3624	TRUE	0.0499
FBgn0263780	36	109	115	346	25	25	6	0	28	8	77	46	185	187	26	24	11	0	15	8	57.74	124	15	12	0.093	-3.424	-2.947	0.0032086687040535	0.0456509190728646	0.7599	1.0629	0.8169	0.8169	TRUE	0.0861
FBgn0013733	5745	24400	16982	62355	7812	8073	5970	7200	12081	6769	12208	10259	27310	33699	8073	7594	10820	7507	6301	6994	13076.55	20869	8498	6648	0.319	-1.651	-2.947	0.00321257213645226	0.0456572550243048	0.1444	0.6886	0.2009	0.2009	TRUE	0.0699
FBgn0027550	93	536	258	1305	359	167	472	272	191	44	198	225	415	705	371	157	855	284	100	45	335.54	386	417	72	0.188	-2.408	-2.943	0.00325490791176284	0.0462040268878277	0.3748	0.7516	0.4209	0.4209	TRUE	0.6395
FBgn0029504	948	4034	979	2568	832	966	376	975	1969	693	2015	1696	1574	1388	860	909	681	1017	1027	716	1188.23	1668	867	872	0.523	-0.935	-2.939	0.00329615355207449	0.0466442822594207	0.0296	0.7052	0.064	0.064	TRUE	0.1518
FBgn0267002	731	4443	2880	11338	2074	1800	1593	1645	2386	403	1553	1868	4632	6128	2143	1693	2887	1715	1244	416	2428.01	3545	2110	830	0.234	-2.093	-2.938	0.00330129127520408	0.0466669686365305	0.2665	0.6959	0.3245	0.3245	TRUE	0.1042
FBgn0037763	681	6078	4291	15381	74	145	1	265	1024	28	1447	2556	6901	8313	76	136	2	276	534	29	2026.99	4804	122	282	0.059	-4.092	-2.936	0.00332933173426728	0.0469627851362509	1.3571	0.6976	1.2429	1.2429	TRUE	0.0658
FBgn0011676	42	325	119	648	162	90	117	34	92	20	89	137	191	350	167	85	212	35	48	21	133.57	192	125	34	0.18	-2.477	-2.935	0.00334021079712552	0.0470659585426342	0.3833	0.8494	0.4395	0.4395	TRUE	0.2149
FBgn0035149	133	755	151	495	168	214	108	169	347	142	283	317	243	268	174	201	196	176	181	147	218.5	278	187	164	0.591	-0.759	-2.932	0.00336306790065838	0.0472746579221789	0.008	0.7863	0.0385	0.0385	TRUE	0.0782
FBgn0034157	0	18	39	168	211	229	258	67	5	0	0	8	63	91	218	215	468	70	3	0	113.46	40	243	2	0.035	-4.826	-2.93	0.00338985127158044	0.0475623871824405	1.5307	0.8782	1.3757	1.3757	TRUE	0.1499
FBgn0021847	521	2806	543	2090	216	389	118	64	749	168	1107	1180	873	1130	223	366	214	67	391	174	572.36	1072	218	282	0.263	-1.925	-2.929	0.00340274637684119	0.0476420577024754	0.2202	0.7249	0.2745	0.2745	TRUE	1.1042
FBgn0032706	129	1371	649	2638	90	104	38	232	288	199	274	576	1044	1426	93	98	69	242	150	206	417.74	830	126	178	0.214	-2.224	-2.919	0.00351348595328197	0.0489330749379556	0.3293	0.7389	0.3684	0.3684	TRUE	0.0699
FBgn0035704	376	1429	452	1684	237	294	87	310	771	264	799	601	727	910	245	277	158	323	402	273	471.41	759	251	338	0.445	-1.168	-2.914	0.00356352048091175	0.049473355320166	0.0524	0.733	0.1008	0.1008	TRUE	0.1957
FBgn0030317	239	994	970	1666	1205	931	458	1057	443	11	508	418	1560	900	1245	876	830	1102	231	11	768.17	846	1013	121	0.144	-2.799	-2.914	0.0035707177	0.0495212035641806	0.565	0.7152	0.5865	0.5865	TRUE	0.5522
